root Gote value = 0
root Sente value = 0
 430  |  450  |  640  |  690  |  4720 |  690  |  640  |  450  |  430 
      |  890  |       |       |       |       |       |  1040 |      
 100  |  100  |  100  |  100  |  100  |  100  |  100  |  100  |  100 
      |       |       |       |       |       |       |       |      
      |       |       |       |       |       |       |       |      
      |       |       |       |       |       |       |       |      
 -100 |  -100 |  -100 |  -100 |  -100 |  -100 |  -100 |  -100 |  -100
      | -1040 |       |       |       |       |       |  -890 |      
 -430 |  -450 |  -640 |  -690 | -4720 |  -690 |  -640 |  -450 |  -430
********** Turn 1 Gote Playing **********
move 0 Gote value = 0
move 0 Sente value = 0
Turn Duration: 1108 ms
      |  450  |  640  |  690  |  4720 |  690  |  640  |  450  |  430 
 430  |  890  |       |       |       |       |       |  1040 |      
 100  |  100  |  100  |  100  |  100  |  100  |  100  |  100  |  100 
      |       |       |       |       |       |       |       |      
      |       |       |       |       |       |       |       |      
      |       |       |       |       |       |       |       |      
 -100 |  -100 |  -100 |  -100 |  -100 |  -100 |  -100 |  -100 |  -100
      | -1040 |       |       |       |       |       |  -890 |      
 -430 |  -450 |  -640 |  -690 | -4720 |  -690 |  -640 |  -450 |  -430
********** Turn 2 Sente Playing **********
move 1 Gote value = 0
move 1 Sente value = 0
Turn Duration: 1139 ms
      |  450  |  640  |  690  |  4720 |  690  |  640  |  450  |  430 
 430  |  890  |       |       |       |       |       |  1040 |      
 100  |  100  |  100  |  100  |  100  |  100  |  100  |  100  |  100 
      |       |       |       |       |       |       |       |      
      |       |       |       |       |       |       |       |      
 -100 |       |       |       |       |       |       |       |      
      |  -100 |  -100 |  -100 |  -100 |  -100 |  -100 |  -100 |  -100
      | -1040 |       |       |       |       |       |  -890 |      
 -430 |  -450 |  -640 |  -690 | -4720 |  -690 |  -640 |  -450 |  -430
********** Turn 3 Gote Playing **********
move 2 Gote value = 0
move 2 Sente value = 0
Turn Duration: 1107 ms
      |  450  |       |  690  |  4720 |  690  |  640  |  450  |  430 
 430  |  890  |  640  |       |       |       |       |  1040 |      
 100  |  100  |  100  |  100  |  100  |  100  |  100  |  100  |  100 
      |       |       |       |       |       |       |       |      
      |       |       |       |       |       |       |       |      
 -100 |       |       |       |       |       |       |       |      
      |  -100 |  -100 |  -100 |  -100 |  -100 |  -100 |  -100 |  -100
      | -1040 |       |       |       |       |       |  -890 |      
 -430 |  -450 |  -640 |  -690 | -4720 |  -690 |  -640 |  -450 |  -430
********** Turn 4 Sente Playing **********
move 3 Gote value = 0
move 3 Sente value = 0
Turn Duration: 1092 ms
      |  450  |       |  690  |  4720 |  690  |  640  |  450  |  430 
 430  |  890  |  640  |       |       |       |       |  1040 |      
 100  |  100  |  100  |  100  |  100  |  100  |  100  |  100  |  100 
      |       |       |       |       |       |       |       |      
 -100 |       |       |       |       |       |       |       |      
      |       |       |       |       |       |       |       |      
      |  -100 |  -100 |  -100 |  -100 |  -100 |  -100 |  -100 |  -100
      | -1040 |       |       |       |       |       |  -890 |      
 -430 |  -450 |  -640 |  -690 | -4720 |  -690 |  -640 |  -450 |  -430
********** Turn 5 Gote Playing **********
move 4 Gote value = 0
move 4 Sente value = 0
Turn Duration: 1030 ms
      |  450  |       |       |  4720 |  690  |  640  |  450  |  430 
 430  |  890  |  640  |  690  |       |       |       |  1040 |      
 100  |  100  |  100  |  100  |  100  |  100  |  100  |  100  |  100 
      |       |       |       |       |       |       |       |      
 -100 |       |       |       |       |       |       |       |      
      |       |       |       |       |       |       |       |      
      |  -100 |  -100 |  -100 |  -100 |  -100 |  -100 |  -100 |  -100
      | -1040 |       |       |       |       |       |  -890 |      
 -430 |  -450 |  -640 |  -690 | -4720 |  -690 |  -640 |  -450 |  -430
********** Turn 6 Sente Playing **********
move 5 Gote value = 0
move 5 Sente value = 0
Turn Duration: 1061 ms
      |  450  |       |       |  4720 |  690  |  640  |  450  |  430 
 430  |  890  |  640  |  690  |       |       |       |  1040 |      
 100  |  100  |  100  |  100  |  100  |  100  |  100  |  100  |  100 
 -100 |       |       |       |       |       |       |       |      
      |       |       |       |       |       |       |       |      
      |       |       |       |       |       |       |       |      
      |  -100 |  -100 |  -100 |  -100 |  -100 |  -100 |  -100 |  -100
      | -1040 |       |       |       |       |       |  -890 |      
 -430 |  -450 |  -640 |  -690 | -4720 |  -690 |  -640 |  -450 |  -430
********** Turn 7 Gote Playing **********
move 6 Gote value = 175
move 6 Sente value = -175
Turn Duration: 1264 ms
      |  450  |       |       |  4720 |  690  |  640  |  450  |  430 
 430  |  890  |  640  |  690  |       |       |       |  1040 |      
      |  100  |  100  |  100  |  100  |  100  |  100  |  100  |  100 
 100  |       |       |       |       |       |       |       |      
      |       |       |       |       |       |       |       |      
      |       |       |       |       |       |       |       |      
      |  -100 |  -100 |  -100 |  -100 |  -100 |  -100 |  -100 |  -100
      | -1040 |       |       |       |       |       |  -890 |      
 -430 |  -450 |  -640 |  -690 | -4720 |  -690 |  -640 |  -450 |  -430
********** Turn 8 Sente Playing **********
move 7 Gote value = 175
move 7 Sente value = -175
Turn Duration: 1201 ms
      |  450  |       |       |  4720 |  690  |  640  |  450  |  430 
 430  |  890  |  640  |  690  |       |       |       |  1040 |      
      |  100  |  100  |  100  |  100  |  100  |  100  |  100  |  100 
 100  |       |       |       |       |       |       |       |      
      |       |       |       |       |       |       |       |      
      |  -100 |       |       |       |       |       |       |      
      |       |  -100 |  -100 |  -100 |  -100 |  -100 |  -100 |  -100
      | -1040 |       |       |       |       |       |  -890 |      
 -430 |  -450 |  -640 |  -690 | -4720 |  -690 |  -640 |  -450 |  -430
********** Turn 9 Gote Playing **********
move 8 Gote value = 175
move 8 Sente value = -175
Turn Duration: 1170 ms
      |       |       |       |  4720 |  690  |  640  |  450  |  430 
 430  |  890  |  640  |  690  |       |       |       |  1040 |      
 450  |  100  |  100  |  100  |  100  |  100  |  100  |  100  |  100 
 100  |       |       |       |       |       |       |       |      
      |       |       |       |       |       |       |       |      
      |  -100 |       |       |       |       |       |       |      
      |       |  -100 |  -100 |  -100 |  -100 |  -100 |  -100 |  -100
      | -1040 |       |       |       |       |       |  -890 |      
 -430 |  -450 |  -640 |  -690 | -4720 |  -690 |  -640 |  -450 |  -430
********** Turn 10 Sente Playing **********
move 9 Gote value = 175
move 9 Sente value = -175
Turn Duration: 1201 ms
      |       |       |       |  4720 |  690  |  640  |  450  |  430 
 430  |  890  |  640  |  690  |       |       |       |  1040 |      
 450  |  100  |  100  |  100  |  100  |  100  |  100  |  100  |  100 
 100  |       |       |       |       |       |       |       |      
      |  -100 |       |       |       |       |       |       |      
      |       |       |       |       |       |       |       |      
      |       |  -100 |  -100 |  -100 |  -100 |  -100 |  -100 |  -100
      | -1040 |       |       |       |       |       |  -890 |      
 -430 |  -450 |  -640 |  -690 | -4720 |  -690 |  -640 |  -450 |  -430
********** Turn 11 Gote Playing **********
move 10 Gote value = 350
move 10 Sente value = -350
Turn Duration: 1529 ms
      |       |       |       |  4720 |  690  |  640  |  450  |  430 
 430  |  890  |  640  |  690  |       |       |       |  1040 |      
      |  100  |  100  |  100  |  100  |  100  |  100  |  100  |  100 
 100  |       |       |       |       |       |       |       |      
      |  450  |       |       |       |       |       |       |      
      |       |       |       |       |       |       |       |      
      |       |  -100 |  -100 |  -100 |  -100 |  -100 |  -100 |  -100
      | -1040 |       |       |       |       |       |  -890 |      
 -430 |  -450 |  -640 |  -690 | -4720 |  -690 |  -640 |  -450 |  -430
********** Turn 12 Sente Playing **********
move 11 Gote value = -435
move 11 Sente value = 435
Turn Duration: 2621 ms
      |       |       |       |  4720 |  690  |  640  |  450  |  430 
 430  |  890  |  640  |  690  |       |       |       |  1040 |      
      |  100  |  100  |  100  |  100  |  100  |  100  |  100  |  100 
 100  |       |       |       |       |       |       |       |      
      | -1040 |       |       |       |       |       |       |      
      |       |       |       |       |       |       |       |      
      |       |  -100 |  -100 |  -100 |  -100 |  -100 |  -100 |  -100
      |       |       |       |       |       |       |  -890 |      
 -430 |  -450 |  -640 |  -690 | -4720 |  -690 |  -640 |  -450 |  -430
********** Turn 13 Gote Playing **********
move 12 Gote value = -435
move 12 Sente value = 435
Turn Duration: 3510 ms
      |       |       |  4720 |       |  690  |  640  |  450  |  430 
 430  |  890  |  640  |  690  |       |       |       |  1040 |      
      |  100  |  100  |  100  |  100  |  100  |  100  |  100  |  100 
 100  |       |       |       |       |       |       |       |      
      | -1040 |       |       |       |       |       |       |      
      |       |       |       |       |       |       |       |      
      |       |  -100 |  -100 |  -100 |  -100 |  -100 |  -100 |  -100
      |       |       |       |       |       |       |  -890 |      
 -430 |  -450 |  -640 |  -690 | -4720 |  -690 |  -640 |  -450 |  -430
********** Turn 14 Sente Playing **********
move 13 Gote value = -870
move 13 Sente value = 870
Turn Duration: 8923 ms
      |       |       |  4720 |       |  690  |  640  |  450  |  430 
 430  |  890  |  640  |  690  |       |       |       |  1040 |      
      | -1300 |  100  |  100  |  100  |  100  |  100  |  100  |  100 
 100  |       |       |       |       |       |       |       |      
      |       |       |       |       |       |       |       |      
      |       |       |       |       |       |       |       |      
      |       |  -100 |  -100 |  -100 |  -100 |  -100 |  -100 |  -100
      |       |       |       |       |       |       |  -890 |      
 -430 |  -450 |  -640 |  -690 | -4720 |  -690 |  -640 |  -450 |  -430
********** Turn 15 Gote Playing **********
move 14 Gote value = 1210
move 14 Sente value = -1210
Turn Duration: 10655 ms
      |       |       |  4720 |       |  690  |  640  |  450  |  430 
 430  |  890  |       |  690  |       |       |       |  1040 |      
      |  640  |  100  |  100  |  100  |  100  |  100  |  100  |  100 
 100  |       |       |       |       |       |       |       |      
      |       |       |       |       |       |       |       |      
      |       |       |       |       |       |       |       |      
      |       |  -100 |  -100 |  -100 |  -100 |  -100 |  -100 |  -100
      |       |       |       |       |       |       |  -890 |      
 -430 |  -450 |  -640 |  -690 | -4720 |  -690 |  -640 |  -450 |  -430
********** Turn 16 Sente Playing **********
move 15 Gote value = 1095
move 15 Sente value = -1095
Turn Duration: 19859 ms
      |       |       |  4720 |       |  690  |  640  |  450  |  430 
 430  |  890  |       |  690  |       |       |       |  1040 |      
 -450 |  640  |  100  |  100  |  100  |  100  |  100  |  100  |  100 
 100  |       |       |       |       |       |       |       |      
      |       |       |       |       |       |       |       |      
      |       |       |       |       |       |       |       |      
      |       |  -100 |  -100 |  -100 |  -100 |  -100 |  -100 |  -100
      |       |       |       |       |       |       |  -890 |      
 -430 |  -450 |  -640 |  -690 | -4720 |  -690 |  -640 |  -450 |  -430
********** Turn 17 Gote Playing **********
move 16 Gote value = 1880
move 16 Sente value = -1880
Turn Duration: 11310 ms
      |       |       |  4720 |       |  690  |  640  |  450  |  430 
      |  890  |       |  690  |       |       |       |  1040 |      
 430  |  640  |  100  |  100  |  100  |  100  |  100  |  100  |  100 
 100  |       |       |       |       |       |       |       |      
      |       |       |       |       |       |       |       |      
      |       |       |       |       |       |       |       |      
      |       |  -100 |  -100 |  -100 |  -100 |  -100 |  -100 |  -100
      |       |       |       |       |       |       |  -890 |      
 -430 |  -450 |  -640 |  -690 | -4720 |  -690 |  -640 |  -450 |  -430
********** Turn 18 Sente Playing **********
move 17 Gote value = 1855
move 17 Sente value = -1855
Turn Duration: 12495 ms
      |       |       |  4720 |       |  690  |  640  |  450  |  430 
 -100 |  890  |       |  690  |       |       |       |  1040 |      
 430  |  640  |  100  |  100  |  100  |  100  |  100  |  100  |  100 
 100  |       |       |       |       |       |       |       |      
      |       |       |       |       |       |       |       |      
      |       |       |       |       |       |       |       |      
      |       |  -100 |  -100 |  -100 |  -100 |  -100 |  -100 |  -100
      |       |       |       |       |       |       |  -890 |      
 -430 |  -450 |  -640 |  -690 | -4720 |  -690 |  -640 |  -450 |  -430
********** Turn 19 Gote Playing **********
move 18 Gote value = 2115
move 18 Sente value = -2115
Turn Duration: 16209 ms
 1040 |       |       |  4720 |       |  690  |  640  |  450  |  430 
 -100 |  890  |       |  690  |       |       |       |  1040 |      
 430  |  640  |  100  |  100  |  100  |  100  |  100  |  100  |  100 
 100  |       |       |       |       |       |       |       |      
      |       |       |       |       |       |       |       |      
      |       |       |       |       |       |       |       |      
      |       |  -100 |  -100 |  -100 |  -100 |  -100 |  -100 |  -100
      |       |       |       |       |       |       |  -890 |      
 -430 |  -450 |  -640 |  -690 | -4720 |  -690 |  -640 |  -450 |  -430
********** Turn 20 Sente Playing **********
move 19 Gote value = -25
move 19 Sente value = 25
Turn Duration: 6443 ms
 -420 |       |       |  4720 |       |  690  |  640  |  450  |  430 
      |  890  |       |  690  |       |       |       |  1040 |      
 430  |  640  |  100  |  100  |  100  |  100  |  100  |  100  |  100 
 100  |       |       |       |       |       |       |       |      
      |       |       |       |       |       |       |       |      
      |       |       |       |       |       |       |       |      
      |       |  -100 |  -100 |  -100 |  -100 |  -100 |  -100 |  -100
      |       |       |       |       |       |       |  -890 |      
 -430 |  -450 |  -640 |  -690 | -4720 |  -690 |  -640 |  -450 |  -430
********** Turn 21 Gote Playing **********
move 20 Gote value = 470
move 20 Sente value = -470
Turn Duration: 16380 ms
 890  |       |       |  4720 |       |  690  |  640  |  450  |  430 
      |       |       |  690  |       |       |       |  1040 |      
 430  |  640  |  100  |  100  |  100  |  100  |  100  |  100  |  100 
 100  |       |       |       |       |       |       |       |      
      |       |       |       |       |       |       |       |      
      |       |       |       |       |       |       |       |      
      |       |  -100 |  -100 |  -100 |  -100 |  -100 |  -100 |  -100
      |       |       |       |       |       |       |  -890 |      
 -430 |  -450 |  -640 |  -690 | -4720 |  -690 |  -640 |  -450 |  -430
********** Turn 22 Sente Playing **********
move 21 Gote value = 210
move 21 Sente value = -210
Turn Duration: 17597 ms
 890  |       |       |  4720 |       |  690  |  640  |  450  |  430 
-1040 |       |       |  690  |       |       |       |  1040 |      
 430  |  640  |  100  |  100  |  100  |  100  |  100  |  100  |  100 
 100  |       |       |       |       |       |       |       |      
      |       |       |       |       |       |       |       |      
      |       |       |       |       |       |       |       |      
      |       |  -100 |  -100 |  -100 |  -100 |  -100 |  -100 |  -100
      |       |       |       |       |       |       |  -890 |      
 -430 |  -450 |  -640 |  -690 | -4720 |  -690 |  -640 |  -450 |  -430
********** Turn 23 Gote Playing **********
move 22 Gote value = 2030
move 22 Sente value = -2030
Turn Duration: 9500 ms
 890  |       |       |  4720 |       |  690  |  640  |  450  |  430 
 640  |       |       |  690  |       |       |       |  1040 |      
 430  |       |  100  |  100  |  100  |  100  |  100  |  100  |  100 
 100  |       |       |       |       |       |       |       |      
      |       |       |       |       |       |       |       |      
      |       |       |       |       |       |       |       |      
      |       |  -100 |  -100 |  -100 |  -100 |  -100 |  -100 |  -100
      |       |       |       |       |       |       |  -890 |      
 -430 |  -450 |  -640 |  -690 | -4720 |  -690 |  -640 |  -450 |  -430
********** Turn 24 Sente Playing **********
move 23 Gote value = 2030
move 23 Sente value = -2030
Turn Duration: 7535 ms
 890  |       |       |  4720 |       |  690  |  640  |  450  |  430 
 640  |       |       |  690  |       |       |       |  1040 |      
 430  |       |  100  |  100  |  100  |  100  |  100  |  100  |  100 
 100  |       |       |       |       |       |       |       |      
      |       |       |       |       |       |       |       |      
      |       |  -100 |       |       |       |       |       |      
      |       |       |  -100 |  -100 |  -100 |  -100 |  -100 |  -100
      |       |       |       |       |       |       |  -890 |      
 -430 |  -450 |  -640 |  -690 | -4720 |  -690 |  -640 |  -450 |  -430
********** Turn 25 Gote Playing **********
move 24 Gote value = 2290
move 24 Sente value = -2290
Turn Duration: 19687 ms
 890  |  1040 |       |  4720 |       |  690  |  640  |  450  |  430 
 640  |       |       |  690  |       |       |       |  1040 |      
 430  |       |  100  |  100  |  100  |  100  |  100  |  100  |  100 
 100  |       |       |       |       |       |       |       |      
      |       |       |       |       |       |       |       |      
      |       |  -100 |       |       |       |       |       |      
      |       |       |  -100 |  -100 |  -100 |  -100 |  -100 |  -100
      |       |       |       |       |       |       |  -890 |      
 -430 |  -450 |  -640 |  -690 | -4720 |  -690 |  -640 |  -450 |  -430
********** Turn 26 Sente Playing **********
move 25 Gote value = 2290
move 25 Sente value = -2290
Turn Duration: 4446 ms
 890  |  1040 |       |  4720 |       |  690  |  640  |  450  |  430 
 640  |       |       |  690  |       |       |       |  1040 |      
 430  |       |  100  |  100  |  100  |  100  |  100  |  100  |  100 
 100  |       |       |       |       |       |       |       |      
      |       |  -100 |       |       |       |       |       |      
      |       |       |       |       |       |       |       |      
      |       |       |  -100 |  -100 |  -100 |  -100 |  -100 |  -100
      |       |       |       |       |       |       |  -890 |      
 -430 |  -450 |  -640 |  -690 | -4720 |  -690 |  -640 |  -450 |  -430
********** Turn 27 Gote Playing **********
move 26 Gote value = 3335
move 26 Sente value = -3335
Turn Duration: 13307 ms
 890  |       |       |  4720 |       |  690  |  640  |  450  |  430 
 640  |       |       |  690  |       |       |       |  1040 |      
 430  |       |  100  |  100  |  100  |  100  |  100  |  100  |  100 
 100  |       |       |       |       |       |       |       |      
      |       |  -100 |       |       |       |       |       |      
      |       |       |       |       |       |       |       |      
      |       |       |  -100 |  -100 |  -100 |  -100 |  -100 |  -100
      |       |       |       |       |       |       |  -890 |      
 -430 |  1300 |  -640 |  -690 | -4720 |  -690 |  -640 |  -450 |  -430
********** Turn 28 Sente Playing **********
move 27 Gote value = 3335
move 27 Sente value = -3335
Turn Duration: 7847 ms
 890  |       |       |  4720 |       |  690  |  640  |  450  |  430 
 640  |       |       |  690  |       |       |       |  1040 |      
 430  |       |  100  |  100  |  100  |  100  |  100  |  100  |  100 
 100  |       |  -100 |       |       |       |       |       |      
      |       |       |       |       |       |       |       |      
      |       |       |       |       |       |       |       |      
      |       |       |  -100 |  -100 |  -100 |  -100 |  -100 |  -100
      |       |       |       |       |       |       |  -890 |      
 -430 |  1300 |  -640 |  -690 | -4720 |  -690 |  -640 |  -450 |  -430
********** Turn 29 Gote Playing **********
move 28 Gote value = 4455
move 28 Sente value = -4455
Turn Duration: 26286 ms
 890  |       |       |  4720 |       |  690  |  640  |  450  |  430 
 640  |       |       |  690  |       |       |       |  1040 |      
 430  |       |  100  |  100  |  100  |  100  |  100  |  100  |  100 
 100  |       |  -100 |       |       |       |       |       |      
      |       |       |       |       |       |       |       |      
      |       |       |       |       |       |       |       |      
      |       |       |  -100 |  -100 |  -100 |  -100 |  -100 |  -100
      |       |       |       |       |       |       |  -890 |      
 -430 |       |  1300 |  -690 | -4720 |  -690 |  -640 |  -450 |  -430
********** Turn 30 Sente Playing **********
move 29 Gote value = 2375
move 29 Sente value = -2375
Turn Duration: 41684 ms
 890  |       |       |  4720 |       |  690  |  640  |  450  |  430 
 640  |       |       |  690  |       |       |       |  1040 |      
 430  |       |  100  |  100  |  100  |  100  |  100  |  100  |  100 
 100  |       |  -100 |       |       |       |       |       |      
      |       |       |       |       |       |       |       |      
      |       |       |       |       |       |       |       |      
      |       |       |  -100 |  -100 |  -100 |  -100 |  -100 |  -100
      |       |       |       |       |       |       |  -890 |      
 -430 |       |  -690 |       | -4720 |  -690 |  -640 |  -450 |  -430
********** Turn 31 Gote Playing **********
move 30 Gote value = 2550
move 30 Sente value = -2550
Turn Duration: 74568 ms
 890  |       |       |  4720 |       |  690  |  640  |  450  |  430 
 640  |       |       |  690  |       |       |       |  1040 |      
 430  |       |       |  100  |  100  |  100  |  100  |  100  |  100 
 100  |       |  100  |       |       |       |       |       |      
      |       |       |       |       |       |       |       |      
      |       |       |       |       |       |       |       |      
      |       |       |  -100 |  -100 |  -100 |  -100 |  -100 |  -100
      |       |       |       |       |       |       |  -890 |      
 -430 |       |  -690 |       | -4720 |  -690 |  -640 |  -450 |  -430
********** Turn 32 Sente Playing **********
move 31 Gote value = 2290
move 31 Sente value = -2290
Turn Duration: 63758 ms
 890  |       |       |  4720 |       |  690  |  640  |  450  |  430 
 640  | -1040 |       |  690  |       |       |       |  1040 |      
 430  |       |       |  100  |  100  |  100  |  100  |  100  |  100 
 100  |       |  100  |       |       |       |       |       |      
      |       |       |       |       |       |       |       |      
      |       |       |       |       |       |       |       |      
      |       |       |  -100 |  -100 |  -100 |  -100 |  -100 |  -100
      |       |       |       |       |       |       |  -890 |      
 -430 |       |  -690 |       | -4720 |  -690 |  -640 |  -450 |  -430
********** Turn 33 Gote Playing **********
move 32 Gote value = 4110
move 32 Sente value = -4110
Turn Duration: 43758 ms
      |       |       |  4720 |       |  690  |  640  |  450  |  430 
 640  |  890  |       |  690  |       |       |       |  1040 |      
 430  |       |       |  100  |  100  |  100  |  100  |  100  |  100 
 100  |       |  100  |       |       |       |       |       |      
      |       |       |       |       |       |       |       |      
      |       |       |       |       |       |       |       |      
      |       |       |  -100 |  -100 |  -100 |  -100 |  -100 |  -100
      |       |       |       |       |       |       |  -890 |      
 -430 |       |  -690 |       | -4720 |  -690 |  -640 |  -450 |  -430
********** Turn 34 Sente Playing **********
move 33 Gote value = 4110
move 33 Sente value = -4110
Turn Duration: 20140 ms
      |       |       |  4720 |       |  690  |  640  |  450  |  430 
 640  |  890  |       |  690  |       |       |       |  1040 |      
 430  |       |       |  100  |  100  |  100  |  100  |  100  |  100 
 100  |       |  100  |       |       |       |       |       |      
      |       |       |       |       |       |       |       |      
      |       |       |  -100 |       |       |       |       |      
      |       |       |       |  -100 |  -100 |  -100 |  -100 |  -100
      |       |       |       |       |       |       |  -890 |      
 -430 |       |  -690 |       | -4720 |  -690 |  -640 |  -450 |  -430
********** Turn 35 Gote Playing **********
move 34 Gote value = 4545
move 34 Sente value = -4545
Turn Duration: 85457 ms
      |       |       |  4720 |       |  690  |  640  |  450  |  430 
 640  |       |       |  690  |       |       |       |  1040 |      
 430  |       |       |  100  |  100  |  100  |  100  |  100  |  100 
 100  |       |  100  |       |       |       |       |       |      
      |       |       |       |       |       |       |       |      
      |       |       |  -100 |       |       |       |       |      
      |       |       |       |  -100 |  -100 |  1150 |  -100 |  -100
      |       |       |       |       |       |       |  -890 |      
 -430 |       |  -690 |       | -4720 |  -690 |  -640 |  -450 |  -430
********** Turn 36 Sente Playing **********
move 35 Gote value = 2730
move 35 Sente value = -2730
Turn Duration: 55599 ms
      |       |       |  4720 |       |  690  |  640  |  450  |  430 
 640  |       |       |  690  |       |       |       |  1040 |      
 430  |       |       |  100  |  100  |  100  |  100  |  100  |  100 
 100  |       |  100  |       |       |       |       |       |      
      |       |       |       |       |       |       |       |      
      |       |       |  -100 |       |       |       |       |      
      |       |       |       |  -100 |  -100 |  -890 |  -100 |  -100
      |       |       |       |       |       |       |       |      
 -430 |       |  -690 |       | -4720 |  -690 |  -640 |  -450 |  -430
********** Turn 37 Gote Playing **********
move 36 Gote value = 2990
move 36 Sente value = -2990
Turn Duration: 241224 ms
 1040 |       |       |  4720 |       |  690  |  640  |  450  |  430 
 640  |       |       |  690  |       |       |       |  1040 |      
 430  |       |       |  100  |  100  |  100  |  100  |  100  |  100 
 100  |       |  100  |       |       |       |       |       |      
      |       |       |       |       |       |       |       |      
      |       |       |  -100 |       |       |       |       |      
      |       |       |       |  -100 |  -100 |  -890 |  -100 |  -100
      |       |       |       |       |       |       |       |      
 -430 |       |  -690 |       | -4720 |  -690 |  -640 |  -450 |  -430
********** Turn 38 Sente Playing **********
move 37 Gote value = 910
move 37 Sente value = -910
Turn Duration: 157561 ms
-1150 |       |       |  4720 |       |  690  |  640  |  450  |  430 
 640  |       |       |  690  |       |       |       |  1040 |      
 430  |       |       |  100  |  100  |  100  |  100  |  100  |  100 
 100  |       |  100  |       |       |       |       |       |      
      |       |       |       |       |       |       |       |      
      |       |       |  -100 |       |       |       |       |      
      |       |       |       |  -100 |  -100 |       |  -100 |  -100
      |       |       |       |       |       |       |       |      
 -430 |       |  -690 |       | -4720 |  -690 |  -640 |  -450 |  -430
********** Turn 39 Gote Playing **********
move 38 Gote value = 1070
move 38 Sente value = -1070
Turn Duration: 218464 ms
-1150 |  640  |       |  4720 |       |  690  |  640  |  450  |  430 
 640  |       |       |  690  |       |       |       |  1040 |      
 430  |       |       |  100  |  100  |  100  |  100  |  100  |  100 
 100  |       |  100  |       |       |       |       |       |      
      |       |       |       |       |       |       |       |      
      |       |       |  -100 |       |       |       |       |      
      |       |       |       |  -100 |  -100 |       |  -100 |  -100
      |       |       |       |       |       |       |       |      
 -430 |       |  -690 |       | -4720 |  -690 |  -640 |  -450 |  -430
********** Turn 40 Sente Playing **********
move 39 Gote value = -50
move 39 Sente value = 50
Turn Duration: 135783 ms
      |  640  |       |  4720 |       |  690  |  640  |  450  |  430 
-1150 |       |       |  690  |       |       |       |  1040 |      
 430  |       |       |  100  |  100  |  100  |  100  |  100  |  100 
 100  |       |  100  |       |       |       |       |       |      
      |       |       |       |       |       |       |       |      
      |       |       |  -100 |       |       |       |       |      
      |       |       |       |  -100 |  -100 |       |  -100 |  -100
      |       |       |       |       |       |       |       |      
 -430 |       |  -690 |       | -4720 |  -690 |  -640 |  -450 |  -430
********** Turn 41 Gote Playing **********
move 40 Gote value = 1765
move 40 Sente value = -1765
Turn Duration: 188418 ms
      |       |       |  4720 |       |  690  |  640  |  450  |  430 
 640  |       |       |  690  |       |       |       |  1040 |      
 430  |       |       |  100  |  100  |  100  |  100  |  100  |  100 
 100  |       |  100  |       |       |       |       |       |      
      |       |       |       |       |       |       |       |      
      |       |       |  -100 |       |       |       |       |      
      |       |       |       |  -100 |  -100 |       |  -100 |  -100
      |       |       |       |       |       |       |       |      
 -430 |       |  -690 |       | -4720 |  -690 |  -640 |  -450 |  -430
********** Turn 42 Sente Playing **********
move 41 Gote value = 1505
move 41 Sente value = -1505
Turn Duration: 337103 ms
      |       |       |  4720 |       |  690  |  640  |  450  |  430 
 640  | -1040 |       |  690  |       |       |       |  1040 |      
 430  |       |       |  100  |  100  |  100  |  100  |  100  |  100 
 100  |       |  100  |       |       |       |       |       |      
      |       |       |       |       |       |       |       |      
      |       |       |  -100 |       |       |       |       |      
      |       |       |       |  -100 |  -100 |       |  -100 |  -100
      |       |       |       |       |       |       |       |      
 -430 |       |  -690 |       | -4720 |  -690 |  -640 |  -450 |  -430
********** Turn 43 Gote Playing **********
move 42 Gote value = 1730
move 42 Sente value = -1730
Turn Duration: 231084 ms
 890  |       |       |  4720 |       |  690  |  640  |  450  |  430 
 640  | -1040 |       |  690  |       |       |       |  1040 |      
 430  |       |       |  100  |  100  |  100  |  100  |  100  |  100 
 100  |       |  100  |       |       |       |       |       |      
      |       |       |       |       |       |       |       |      
      |       |       |  -100 |       |       |       |       |      
      |       |       |       |  -100 |  -100 |       |  -100 |  -100
      |       |       |       |       |       |       |       |      
 -430 |       |  -690 |       | -4720 |  -690 |  -640 |  -450 |  -430
********** Turn 44 Sente Playing **********
move 43 Gote value = 350
move 43 Sente value = -350
Turn Duration: 201600 ms
 890  |       |       |  4720 |       |  690  |  640  |  450  |  430 
-1300 |       |       |  690  |       |       |       |  1040 |      
 430  |       |       |  100  |  100  |  100  |  100  |  100  |  100 
 100  |       |  100  |       |       |       |       |       |      
      |       |       |       |       |       |       |       |      
      |       |       |  -100 |       |       |       |       |      
      |       |       |       |  -100 |  -100 |       |  -100 |  -100
      |       |       |       |       |       |       |       |      
 -430 |       |  -690 |       | -4720 |  -690 |  -640 |  -450 |  -430
********** Turn 45 Gote Playing **********
move 44 Gote value = 1360
move 44 Sente value = -1360
Turn Duration: 312049 ms
      |       |       |  4720 |       |  690  |  640  |  450  |  430 
-1300 |       |       |  690  |       |       |       |  1040 |      
 430  |       |       |  100  |  100  |  100  |  100  |  100  |  100 
 100  |       |  100  |       |       |       |       |       |      
      |       |       |       |       |       |       |       |      
      |       |       |  -100 |       |       |       |       |      
      |       |       |       |  -100 |  -100 |       |  -100 |  -100
      |       |       |       |       |       |       |       |      
 -430 |       |  -690 |       | -4720 |  -690 |  -640 |  -450 |  1150
********** Turn 46 Sente Playing **********
move 45 Gote value = 610
move 45 Sente value = -610
Turn Duration: 398925 ms
      |       |       |  4720 |       |  690  |  640  |  450  |  430 
      |       |       |  690  |       |       |       |  1040 |      
-1300 |       |       |  100  |  100  |  100  |  100  |  100  |  100 
 100  |       |  100  |       |       |       |       |       |      
      |       |       |       |       |       |       |       |      
      |       |       |  -100 |       |       |       |       |      
      |       |       |       |  -100 |  -100 |       |  -100 |  -100
      |       |       |       |       |       |       |       |      
 -430 |       |  -690 |       | -4720 |  -690 |  -640 |  -450 |  1150
********** Turn 47 Gote Playing **********
move 46 Gote value = 1395
move 46 Sente value = -1395
Turn Duration: 491903 ms
      |       |       |  4720 |       |  690  |  640  |  450  |  430 
      |       |       |  690  |       |       |       |  1040 |      
-1300 |       |       |  100  |  100  |  100  |  100  |  100  |  100 
 100  |       |  100  |       |       |       |       |       |      
      |       |       |       |       |       |       |       |      
      |       |       |  -100 |       |       |       |       |      
      |       |       |       |  -100 |  -100 |       |  -100 |  -100
      |       |       |       |       |       |       |       |      
 -430 |       |  -690 |       | -4720 |  -690 |  -640 |  1150 |      
********** Turn 48 Sente Playing **********
move 47 Gote value = 1170
move 47 Sente value = -1170
Turn Duration: 822765 ms
 -890 |       |       |  4720 |       |  690  |  640  |  450  |  430 
      |       |       |  690  |       |       |       |  1040 |      
-1300 |       |       |  100  |  100  |  100  |  100  |  100  |  100 
 100  |       |  100  |       |       |       |       |       |      
      |       |       |       |       |       |       |       |      
      |       |       |  -100 |       |       |       |       |      
      |       |       |       |  -100 |  -100 |       |  -100 |  -100
      |       |       |       |       |       |       |       |      
 -430 |       |  -690 |       | -4720 |  -690 |  -640 |  1150 |      
********** Turn 49 Gote Playing **********
move 48 Gote value = 2290
move 48 Sente value = -2290
Turn Duration: 493618 ms
 -890 |       |       |  4720 |       |  690  |  640  |  450  |  430 
      |       |       |  690  |       |       |       |  1040 |      
-1300 |       |       |  100  |  100  |  100  |  100  |  100  |  100 
 100  |       |  100  |       |       |       |       |       |      
      |       |       |       |       |       |       |       |      
      |       |       |  -100 |       |       |       |       |      
      |       |       |       |  -100 |  -100 |       |  -100 |  -100
      |       |       |       |       |       |       |       |      
 -430 |       |  -690 |       | -4720 |  -690 |  1150 |       |      
********** Turn 50 Sente Playing **********
move 49 Gote value = 475
move 49 Sente value = -475
Turn Duration: 753906 ms
 -890 |       |       |  4720 |       |  690  |  640  |  450  |  430 
      |       |       |  690  |       |       |       |  1040 |      
-1300 |       |       |  100  |  100  |  100  |  100  |  100  |  100 
 100  |       |  100  |       |       |       |       |       |      
      |       |       |       |       |       |       |       |      
      |       |       |  -100 |       |       |       |       |      
      |       |       |       |  -100 |  -100 |       |  -100 |  -100
      |       |       |       |       |       |       |       |      
 -430 |       |  -690 |       | -4720 |       |  -690 |       |      
********** Turn 51 Gote Playing **********
move 50 Gote value = 635
move 50 Sente value = -635
Turn Duration: 1130898 ms
 -890 |  640  |       |  4720 |       |  690  |  640  |  450  |  430 
      |       |       |  690  |       |       |       |  1040 |      
-1300 |       |       |  100  |  100  |  100  |  100  |  100  |  100 
 100  |       |  100  |       |       |       |       |       |      
      |       |       |       |       |       |       |       |      
      |       |       |  -100 |       |       |       |       |      
      |       |       |       |  -100 |  -100 |       |  -100 |  -100
      |       |       |       |       |       |       |       |      
 -430 |       |  -690 |       | -4720 |       |  -690 |       |      
********** Turn 52 Sente Playing **********
move 51 Gote value = 375
move 51 Sente value = -375
Turn Duration: 614675 ms
      |  640  |       |  4720 |       |  690  |  640  |  450  |  430 
      | -1150 |       |  690  |       |       |       |  1040 |      
-1300 |       |       |  100  |  100  |  100  |  100  |  100  |  100 
 100  |       |  100  |       |       |       |       |       |      
      |       |       |       |       |       |       |       |      
      |       |       |  -100 |       |       |       |       |      
      |       |       |       |  -100 |  -100 |       |  -100 |  -100
      |       |       |       |       |       |       |       |      
 -430 |       |  -690 |       | -4720 |       |  -690 |       |      
********** Turn 53 Gote Playing **********
move 52 Gote value = 2190
move 52 Sente value = -2190
Turn Duration: 644550 ms
      |       |       |  4720 |       |  690  |  640  |  450  |  430 
      |  640  |       |  690  |       |       |       |  1040 |      
-1300 |       |       |  100  |  100  |  100  |  100  |  100  |  100 
 100  |       |  100  |       |       |       |       |       |      
      |       |       |       |       |       |       |       |      
      |       |       |  -100 |       |       |       |       |      
      |       |       |       |  -100 |  -100 |       |  -100 |  -100
      |       |       |       |       |       |       |       |      
 -430 |       |  -690 |       | -4720 |       |  -690 |       |      
********** Turn 54 Sente Playing **********
move 53 Gote value = 1070
move 53 Sente value = -1070
Turn Duration: 922902 ms
      |       |       |  4720 |       |  690  |  640  |  450  |  430 
      | -1300 |       |  690  |       |       |       |  1040 |      
      |       |       |  100  |  100  |  100  |  100  |  100  |  100 
 100  |       |  100  |       |       |       |       |       |      
      |       |       |       |       |       |       |       |      
      |       |       |  -100 |       |       |       |       |      
      |       |       |       |  -100 |  -100 |       |  -100 |  -100
      |       |       |       |       |       |       |       |      
 -430 |       |  -690 |       | -4720 |       |  -690 |       |      
********** Turn 55 Gote Playing **********
move 54 Gote value = 1295
move 54 Sente value = -1295
Turn Duration: 1786757 ms
 890  |       |       |  4720 |       |  690  |  640  |  450  |  430 
      | -1300 |       |  690  |       |       |       |  1040 |      
      |       |       |  100  |  100  |  100  |  100  |  100  |  100 
 100  |       |  100  |       |       |       |       |       |      
      |       |       |       |       |       |       |       |      
      |       |       |  -100 |       |       |       |       |      
      |       |       |       |  -100 |  -100 |       |  -100 |  -100
      |       |       |       |       |       |       |       |      
 -430 |       |  -690 |       | -4720 |       |  -690 |       |      
********** Turn 56 Sente Playing **********
move 55 Gote value = 1070
move 55 Sente value = -1070
Turn Duration: 1484256 ms
 890  |  -890 |       |  4720 |       |  690  |  640  |  450  |  430 
      | -1300 |       |  690  |       |       |       |  1040 |      
      |       |       |  100  |  100  |  100  |  100  |  100  |  100 
 100  |       |  100  |       |       |       |       |       |      
      |       |       |       |       |       |       |       |      
      |       |       |  -100 |       |       |       |       |      
      |       |       |       |  -100 |  -100 |       |  -100 |  -100
      |       |       |       |       |       |       |       |      
 -430 |       |  -690 |       | -4720 |       |  -690 |       |      
********** Turn 57 Gote Playing **********
move 56 Gote value = 3150
move 56 Sente value = -3150
Turn Duration: 746979 ms
      |  -890 |       |  4720 |       |  690  |  640  |  450  |  430 
      |  890  |       |  690  |       |       |       |  1040 |      
      |       |       |  100  |  100  |  100  |  100  |  100  |  100 
 100  |       |  100  |       |       |       |       |       |      
      |       |       |       |       |       |       |       |      
      |       |       |  -100 |       |       |       |       |      
      |       |       |       |  -100 |  -100 |       |  -100 |  -100
      |       |       |       |       |       |       |       |      
 -430 |       |  -690 |       | -4720 |       |  -690 |       |      
********** Turn 58 Sente Playing **********
move 57 Gote value = 2715
move 57 Sente value = -2715
Turn Duration: 1179337 ms
      |       |       |  4720 |       |  690  |  640  |  450  |  430 
      |  890  |       |  690  |       |       |       |  1040 |      
      |       |       | -1150 |  100  |  100  |  100  |  100  |  100 
 100  |       |  100  |       |       |       |       |       |      
      |       |       |       |       |       |       |       |      
      |       |       |  -100 |       |       |       |       |      
      |       |       |       |  -100 |  -100 |       |  -100 |  -100
      |       |       |       |       |       |       |       |      
 -430 |       |  -690 |       | -4720 |       |  -690 |       |      
********** Turn 59 Gote Playing **********
move 58 Gote value = 4530
move 58 Sente value = -4530
Turn Duration: 1679631 ms
      |       |       |  4720 |       |  690  |  640  |  450  |  430 
      |  890  |       |       |       |       |       |  1040 |      
      |       |       |  690  |  100  |  100  |  100  |  100  |  100 
 100  |       |  100  |       |       |       |       |       |      
      |       |       |       |       |       |       |       |      
      |       |       |  -100 |       |       |       |       |      
      |       |       |       |  -100 |  -100 |       |  -100 |  -100
      |       |       |       |       |       |       |       |      
 -430 |       |  -690 |       | -4720 |       |  -690 |       |      
Time out
Game Duration: 15786911 ms
